1;704;5;06/12/2018;552.4701
2;64;5;18/06/2018;552.4701
3;841;4;01/12/2018;552.4701
4;41;7;26/10/2018;552.4701
5;912;10;22/07/2018;552.4701
6;54;9;07/10/2018;552.4701
7;29;1;03/10/2018;552.4701
8;364;10;12/07/2018;552.4701
9;29;2;26/06/2018;552.4701
10;309;7;16/12/2018;552.4701
11;782;7;06/08/2018;552.4701
12;152;6;14/07/2018;552.4701
13;527;9;03/08/2018;552.4701
14;47;2;12/08/2018;552.4701
15;242;7;29/09/2018;552.4701
16;988;7;02/10/2018;552.4701
17;295;1;05/10/2018;552.4701
18;152;9;22/10/2018;552.4701
19;748;7;31/07/2018;552.4701
20;243;7;22/08/2018;552.4701
21;658;6;28/11/2018;552.4701
22;473;5;15/09/2018;552.4701
23;900;10;27/10/2018;552.4701
24;846;6;17/11/2018;552.4701
25;846;3;24/11/2018;552.4701
26;806;2;22/07/2018;552.4701
27;430;10;20/11/2018;552.4701
28;295;1;05/11/2018;552.4701
29;870;5;03/12/2018;552.4701
30;349;1;01/09/2018;552.4701
31;441;1;04/07/2018;552.4701
32;350;9;06/09/2018;552.4701
33;29;10;02/12/2018;552.4701
34;782;3;08/12/2018;552.4701
35;177;5;30/06/2018;552.4701
36;682;1;10/11/2018;552.4701
37;840;1;26/11/2018;552.4701
38;666;5;14/09/2018;552.4701
39;748;1;25/08/2018;552.4701
40;988;8;22/11/2018;552.4701
41;430;2;15/07/2018;552.4701
42;900;4;29/10/2018;552.4701
43;142;2;24/08/2018;552.4701
44;705;8;24/07/2018;552.4701
45;300;2;24/09/2018;552.4701
46;4;5;01/12/2018;552.4701
47;47;4;05/10/2018;552.4701
48;900;1;04/09/2018;552.4701
49;925;9;19/12/2018;552.4701
50;541;10;06/07/2018;552.4701
51;666;5;14/11/2018;552.4701
52;748;2;27/10/2018;552.4701
53;377;5;22/10/2018;552.4701
54;840;2;23/08/2018;552.4701
55;64;6;09/06/2018;552.4701
56;911;3;21/07/2018;552.4701
57;704;4;26/06/2018;552.4701
58;899;1;12/09/2018;552.4701
59;430;7;19/09/2018;552.4701
60;430;1;10/11/2018;552.4701
61;912;10;19/06/2018;552.4701
62;4;3;09/10/2018;552.4701
63;473;2;11/11/2018;552.4701
64;307;1;26/06/2018;552.4701
65;658;8;08/11/2018;552.4701
66;19;2;25/08/2018;552.4701
67;777;9;25/07/2018;552.4701
68;73;7;12/07/2018;552.4701
69;782;3;03/08/2018;552.4701
70;502;10;17/07/2018;552.4701
71;977;5;10/06/2018;552.4701
72;704;10;27/06/2018;552.4701
73;64;2;01/10/2018;552.4701
74;528;3;13/07/2018;552.4701
75;199;4;30/06/2018;552.4701
76;375;4;15/12/2018;552.4701
77;841;2;14/07/2018;552.4701
78;430;6;09/07/2018;552.4701
79;682;6;03/12/2018;552.4701
80;773;9;20/07/2018;552.4701
81;349;10;19/08/2018;552.4701
82;699;2;03/12/2018;552.4701
83;177;2;06/07/2018;552.4701
84;850;3;12/09/2018;552.4701
85;602;7;06/12/2018;552.4701
86;205;1;16/12/2018;552.4701
87;541;3;12/12/2018;552.4701
88;870;8;31/07/2018;552.4701
89;277;4;30/06/2018;552.4701
90;233;2;19/09/2018;552.4701
91;92;9;22/11/2018;552.4701
92;702;4;20/12/2018;552.4701
93;748;1;21/08/2018;552.4701
94;196;6;29/10/2018;552.4701
95;199;1;14/07/2018;552.4701
96;954;2;05/07/2018;552.4701
97;528;8;14/08/2018;552.4701
98;54;1;04/08/2018;552.4701
99;541;4;08/12/2018;552.4701
100;242;7;31/08/2018;552.4701
