46;4;5;12/01/2018;0.0;[]
62;4;3;10/09/2018;0.0;[]
66;19;2;08/01/2020;0.0;[]
33;29;10;12/02/2018;0.0;[]
7;29;1;10/03/2018;0.0;[]
9;29;2;06/02/2020;0.0;[]
4;41;7;10/02/2020;0.0;[]
47;47;4;10/05/2018;0.0;[]
14;47;2;08/12/2018;0.0;[]
98;54;1;08/04/2018;0.0;[]
6;54;9;10/07/2018;0.0;[]
73;64;2;10/01/2018;0.0;[]
55;64;6;06/09/2018;0.0;[]
2;64;5;06/06/2019;0.0;[]
68;73;7;07/12/2018;0.0;[]
91;92;9;11/10/2019;0.0;[]
43;142;2;08/12/2019;0.0;[]
12;152;6;07/02/2019;0.0;[]
18;152;9;10/10/2019;0.0;[]
83;177;2;07/06/2018;0.0;[]
35;177;5;06/06/2020;0.0;[]
94;196;6;10/05/2020;0.0;[]
95;199;1;07/02/2019;0.0;[]
75;199;4;06/06/2020;0.0;[]
86;205;1;12/04/2019;0.0;[]
90;233;2;09/07/2019;0.0;[]
15;242;7;09/05/2020;0.0;[]
100;242;7;08/07/2020;0.0;[]
20;243;7;08/10/2019;0.0;[]
89;277;4;06/06/2020;0.0;[]
17;295;1;10/05/2018;0.0;[]
28;295;1;11/05/2018;0.0;[]
45;300;2;09/12/2019;0.0;[]
64;307;1;06/02/2020;0.0;[]
10;309;7;12/04/2019;0.0;[]
30;349;1;09/01/2018;0.0;[]
81;349;10;08/07/2019;0.0;[]
32;350;9;09/06/2018;0.0;[]
8;364;10;07/12/2018;0.0;[]
76;375;4;12/03/2019;0.0;[]
53;377;5;10/10/2019;0.0;[]
78;430;6;07/09/2018;0.0;[]
60;430;1;11/10/2018;0.0;[]
41;430;2;07/03/2019;0.0;[]
59;430;7;09/07/2019;0.0;[]
27;430;10;11/08/2019;0.0;[]
31;441;1;07/04/2018;0.0;[]
63;473;2;11/11/2018;0.0;[]
22;473;5;09/03/2019;0.0;[]
70;502;10;07/05/2019;0.0;[]
13;527;9;08/03/2018;0.0;[]
74;528;3;07/01/2019;0.0;[]
97;528;8;08/02/2019;0.0;[]
50;541;10;07/06/2018;0.0;[]
99;541;4;12/08/2018;0.0;[]
87;541;3;12/12/2018;0.0;[]
85;602;7;12/06/2018;0.0;[]
65;658;8;11/08/2018;0.0;[]
21;658;6;11/04/2020;0.0;[]
38;666;5;09/02/2019;0.0;[]
51;666;5;11/02/2019;0.0;[]
79;682;6;12/03/2018;0.0;[]
36;682;1;11/10/2018;0.0;[]
82;699;2;12/03/2018;0.0;[]
92;702;4;12/08/2019;0.0;[]
1;704;5;12/06/2018;0.0;[]
57;704;4;06/02/2020;0.0;[]
72;704;10;06/03/2020;0.0;[]
44;705;8;07/12/2019;0.0;[]
93;748;1;08/09/2019;0.0;[]
39;748;1;08/01/2020;0.0;[]
52;748;2;10/03/2020;0.0;[]
19;748;7;07/07/2020;0.0;[]
80;773;9;07/08/2019;0.0;[]
67;777;9;07/01/2020;0.0;[]
69;782;3;08/03/2018;0.0;[]
11;782;7;08/06/2018;0.0;[]
34;782;3;12/08/2018;0.0;[]
26;806;2;07/10/2019;0.0;[]
54;840;2;08/11/2019;0.0;[]
37;840;1;11/02/2020;0.0;[]
3;841;4;12/01/2018;0.0;[]
77;841;2;07/02/2019;0.0;[]
24;846;6;11/05/2019;0.0;[]
25;846;3;11/12/2019;0.0;[]
84;850;3;09/12/2018;0.0;[]
29;870;5;12/03/2018;0.0;[]
88;870;8;07/07/2020;0.0;[]
58;899;1;09/12/2018;0.0;[]
48;900;1;09/04/2018;0.0;[]
23;900;10;10/03/2020;0.0;[]
42;900;4;10/05/2020;0.0;[]
56;911;3;07/09/2019;0.0;[]
61;912;10;06/07/2019;0.0;[]
5;912;10;07/10/2019;0.0;[]
49;925;9;12/07/2019;0.0;[]
96;954;2;07/05/2018;0.0;[]
71;977;5;06/10/2018;0.0;[]
16;988;7;10/02/2018;0.0;[]
40;988;8;11/10/2019;0.0;[]

